 0.9998645,
 0.9305163,
 0.41723403,
 9.946528e-06,
 0.9614028,
 0.18166824,
 0.61289287,
 0.99186283,
 0.00016423,
 0.9939932,
 0.9999906,
 0.00427716,
 0.00027473,
 0.1788294,
 5.624129e-06,
 3.0221228e-05,
 0.00559239,
 0.99984086,
 0.01712412,
 0.8901345,
 0.50245863,
 0.00292259,
 0.78294724,
 0.99991864,
 0.00314537,
 0.9995438,
 0.99988776,
 3.4277537e-06,
 0.1349609,
 0.06851296,
 0.68266004,
 0.919776,
 0.99992615,
 0.99994326,
 0.0003866,
 0.00228619,
 0.9999424,
 0.9998778,
 0.9999796,
 0.6102007,
 2.5276263e-06,
 0.282211,
 2.0697764e-06,
 0.99200064,
 0.31102297,
 1.376831e-06,
 0.9980391,
 0.9821714,
 0.00016133,
 0.99927294,
 0.99887884,
 0.48522213,
 3.3852582e-06,
 0.9999037,
 0.99030787,
 0.00260066,
 0.00909021,
 0.99980646,
 0.8466399,
 0.9999135,
 0.7424192,
 0.002219,
 0.99993706,
 0.00194647,
 0.9084797,
 7.3102537e-06,
 0.99944943,
 0.9976653,
 0.0004129,
 0.32355607,
 0.6546615,
 0.38744634,
 0.23031375,
 0.00365771,
 0.09970836,
 0.00325817,
 0.37643662,
 0.2871751,
 0.00260485,
 0.00029175,
 0.00505894,
 0.9994825,
 0.9998361,
 0.99937373,
 0.00324919,
 0.58594793,
 0.99988174,
 0.00022885,
 0.07322016,
 0.9999767,
 0.35086787,
 0.600853,
 0.99981743,
 0.5415243,
 0.9922529,
 0.9167109,
 0.06041874,
 0.26762125,
 0.00377137,
 0.03610719,
 0.00164808,
 0.00121018,
 1.4924825e-05,
 0.09596749,
 0.98330116,
 0.98830384,
 0.9945424,
 0.980468,
 0.00041371,
 0.9991264,
 0.86196417,
 0.0016646,
 0.9833655,
 0.02957572,
 0.00021437,
 0.86416703,
 0.78775245,
 1.4444222e-05,
 0.0026242,
 0.99905944,
 0.6047017,
 0.31562173,
 0.10401152,
 0.99947006,
 3.0724543e-05,
 0.20294069,
 0.00085633,
 0.01575635,
 0.99955916,
 0.0017609,
 0.00047596,
 0.9983224,
 0.9999232,
 0.9969396,
 0.00081412,
 0.05462191,
 0.02188255,
 0.99856204,
 0.98819786,
 0.93823034,
 2.025795e-05,
 0.99963665,
 0.08123481,
 0.45797202,
 0.38689747,
 0.97389096,
 0.38086826,
 6.78694e-05,
 0.52998,
 0.98545825,
 1.6510516e-05,
 0.00054811,
 0.3759939,
 0.00839145,
 0.9559832,
 0.00193792,
 0.49711952,
 0.65982324,
 0.78320575,
 0.24863093,
 0.08976731,
 5.0868868e-05,
 0.99595374,
 4.39356e-06,
 0.9993041,
 0.06025855,
 0.53418076,
 0.00016129,
 0.9955815,
 0.9991491,
 0.9998048,
 0.00040476,
 0.00053848,
 0.99945956,
 0.02113702,
 0.11804715,
 0.9982504,
 0.99460584,
 0.17297225,
 0.9596861,
 0.81688154,
 0.50319797,
 0.99997693,
 0.9867697,
 0.9993448,
 0.01609649,
 0.38953045,
 0.99302876,
 0.00039935,
 3.920046e-05,
 4.211014e-06,
 0.98533887,
 0.01739781,
 0.00010449,
 0.00694659,
 0.99066424,
 0.989792,
 0.9999433,
 0.9843214,
 0.00103093,
 0.9508007,
 0.07248957,
 0.74781394,
 0.11907309,
 5.2203645e-06,
 0.5775188,
 0.19911481,
 0.00048398,
 0.42125127,
 2.8666575e-05,
 0.9999981,
 0.9957224,
 9.4862604e-05,
 0.00015757,
 0.9975017,
 0.9994064,
 0.24838953,
 0.3348891,
 0.99008244,
 0.99942493,
 0.9994387,
 0.9957706,
 0.99975187,
 0.970364,
 0.9983966,
 0.05299947,
 0.00012973,
 0.11971405,
 0.00597788,
 0.95940393,
 0.9998799,
 0.9998338,
 0.47216976,
 0.0004682,
 0.01024034,
 0.9991611,
 0.39824793,
 0.03085037,
 0.09492759,
 0.99997306,
 0.06990627,
 0.9936127,
 0.30047223,
 0.9996733,
 0.99338317,
 0.2855885,
 0.00123297,
 0.00289978,
 0.981396,
 6.503994e-06,
 0.2844097,
 0.99558324,
 0.01635065,
 0.9997726,
 0.99860805,
 0.42729154,
 0.80819225,
 0.99969566,
 0.0091685,
 0.999178,
 0.03362412,
 0.25080797,
 0.2794314,
 0.32144943,
 0.9997338,
 0.06034565,
 0.00482254,
 0.29692438,
 0.99869186,
 0.00045482,
 3.521778e-05,
 0.9995961,
 0.00484584,
 0.07963798,
 0.11081105,
 0.9999999,
 0.64248806,
 0.00336901,
 0.40396565,
 0.47551057,
 0.01461635,
 0.33254772,
 0.9997172,
 0.99996114,
 0.2129353,
 0.65806687,
 0.00054701,
 0.99979615,
 7.4496034e-05,
 5.8626356e-06,
 0.99851507,
 0.999999,
 0.02947038,
 0.00083057,
 0.2792198,
 5.9793824e-06,
 0.6378393,
 0.00452868,
 0.00616133,
 0.9993026,
 0.00035029,
 0.9956448,
 0.99969727,
 0.9897561,
 0.99990976,
 0.0975966,
 2.3144996e-05,
 0.6290471,
 0.00361371,
 0.00168393,
 0.99996495,
 0.99989283,
 0.99952966,
 0.99996614,
 0.02828014,
 0.21487725,
 0.9815755,
 0.99994457,
 0.9991932,
 0.00479797,
 0.9956635,
 0.00229367,
 0.00012508,
 0.00304578,
 0.08551688,
 0.00132545,
 0.9987542,
 0.98990124,
 0.9984868,
 0.00103897,
 0.00559754,
 0.99461293,
 3.7835598e-05,
 0.99969083,
 0.99872935,
 0.00276012,
 0.5069486,
 0.51563007,
 0.00499804,
 0.00017607,
 0.9991521,
 0.6345112,
 0.99996614,
 1.9593317e-05,
 0.87046295,
 0.514994,
 0.9959921,
 0.9423379,
 0.85515374,
 0.4004569,
 0.9999385,
 0.19454199,
 0.99998736,
 0.00128898,
 0.9766161,
 0.00099238,
 0.99997455,
 0.9999827,
 6.720424e-05,
 0.9994907,
 5.876507e-05,
 0.9994982,
 0.9999144,
 0.99996096,
 2.3160524e-06,
 0.9976156,
 0.00898669,
 0.9159161,
 0.10417405,
 0.99922734,
 0.00245449,
 0.00065093,
 0.03223761,
 0.39913788,
 0.12900555,
 1.4103852e-06,
 0.99862874,
 0.21605644,
 0.99983406,
 0.916891,
 0.9996056,
 0.32512045,
 0.00891352,
 0.86900336,
 0.9994553,
 0.99971414,
 0.09375788,
 6.5906073e-07,
 3.6717225e-05,
 0.5814087,
 0.00120825,
 0.9988472,
 0.00020873,
 0.06570138,
 0.25784737,
 0.00032706,
 0.48364073,
 0.99997693,
 0.49714145,
 0.16208072,
 0.997379,
 0.9893945,
 0.54179746,
 0.99510527,
 0.9999494,
 0.33757687,
 0.99842066,
 0.99937505,
 0.99950963,
 0.99779624,
 0.9996346,
 3.0928582e-06,
 0.49583793,
 0.00021761,
 0.15392926,
 0.9980262,
 8.715639e-06,
 0.51591724,
 0.00132109,
 0.04742063,
 0.9662616,
 0.9992087,
 0.9994947,
 0.89914864,
 0.00483924,
 0.9998324,
 0.9998076,
 0.9721551,
 0.19330855,
 0.2537031,
 0.0003761,
 0.9957173,
 0.4741308,
 2.095322e-05,
 0.00021029,
 0.9997768,
 0.00249137,
 0.9976652,
 3.2030364e-06,
 0.9992431,
 0.03051412,
 0.9957049,
 0.82810545,
 0.66027445,
 4.9255614e-06,
 0.97128123,
 0.9999896,
 0.00048016,
 7.40927e-05,
 0.98989064,
 0.2855809,
 0.0053798,
 0.5110921,
 0.00027942,
 0.00077086,
 0.00705024,
 0.69800323,
 6.604661e-05,
 0.0031157,
 0.9991374,
 0.9997301,
 0.9999002,
 0.02486953,
 0.9524625,
 0.34640834,
 0.12473426,
 0.5849014,
 0.18012612,
 0.00052621,
 0.00094503,
 5.6413824e-06,
 0.01691178,
 0.9998516,
 0.00762605,
 0.13317199,
 0.99792063,
 0.97595483,
 0.13688205,
 0.99979305,
 0.9972938,
 0.23844284,
 0.9998813,
 0.00045063,
 0.3537907,
 4.8577407e-05,
 0.99964756,
 0.01244683,
 0.748911,
 0.00118588,
 0.99970126,
 0.99843425,
 0.03935529,
 0.00269104,
 0.00768316,
 0.0033666,
 0.37498584,
 0.00031485,
 0.00049395,
 0.10404179,
 0.9999622,
 0.8715694,
 0.9997493,
 0.01275769,
 0.9999326,
 0.03933729,
 0.00014938,
 0.9999478,
 0.9965577,
 3.3135916e-06,
 0.9997568,
 0.01371856,
 0.5293294,
 0.00011151,
 0.99233466,
 0.99937606,
 0.62668705,
 0.35047892,
 0.02793215,
 0.98428905,
 0.27322504,
 0.9999724,
 0.13657562,
 1.5395368e-05,
 0.8048993,
 0.9999761,
 9.4655676e-05,
 0.6023189,
 0.01020891,
 0.00011068,
 0.9041359,
 0.01453105,
 0.99932253,
 0.00028827,
 0.9584808,
 2.2292928e-05,
 0.99977833,
 2.0453761e-05,
 0.00093923,
 0.9993657,
 0.9973348,
 0.00027117,
 0.00478294,
 0.00476399,
 0.00024513,
 0.99906176,
 0.00114363,
 0.0001963,
 0.00014809,
 0.44072855,
 0.00148958,
 0.99988025,
 2.7928813e-06,
 0.8261341,
 0.99463767,
 0.31483263,
 0.00094704,
 0.00310422,
 0.9999502,
 0.0035473,
 0.3159785,
 0.0302635,
 0.9990896,
 0.9998427,
 0.9940062,
 0.03208179,
 0.07320309,
 0.00101467,
 0.9999636,
 0.4768645,
 0.26217574,
 0.99872744,
 0.9993326,
 0.00238096,
 0.9162513,
 0.45658118,
 0.9749201,
 0.00812849,
 0.13054869,
 0.00534272,
 0.9999286,
 0.17369434,
 0.9997547,
 0.9987761,
 2.1346073e-05,
 0.00036972,
 0.0120482,
 0.00406965,
 0.09843042,
 0.00016685,
 0.00424532,
 0.00082026,
 0.99997723,
 0.00693762,
 0.9772167,
 0.99956375,
 0.27070856,
 0.99903256,
 0.00035929,
 0.00101446,
 0.00415927,
 0.00053162,
 8.4913145e-06,
 0.9852694,
 0.9995288,
 0.99992687,
 0.99942523,
 0.99975246,
 0.00378367,
 0.28734696,
 6.496334e-05,
 0.9960577,
 0.01476547,
 0.6257726,
 0.99998397,
 0.98314756,
 0.13480392,
 0.00094618,
 0.4914931,
 0.21285002,
 0.31000957,
 0.99985796,
 0.22852927,
 0.00052362,
 0.00904783,
 0.999142,
 0.0012304,
 0.01035856,
 0.9318491,
 0.999999,
 0.95766616,
 3.5967987e-05,
 0.01271901,
 0.02630929,
 0.02350571,
 0.99995816,
 0.0024354,
 0.9805378,
 0.2554065,
 0.00042401,
 0.00062675,
 0.01417836,
 0.99757946,
 0.0154605,
 0.9968188,
 0.9991742,
 0.00047835,
 0.4173458,
 0.99975705,
 0.00435219,
 5.0898714e-05,
 0.04726281,
 0.60612607,
 0.00049375,
 0.98981017,
 0.99952126,
 0.00136159,
 0.00830771,
 0.52241725,
 0.9972774,
 0.97782135,
 0.99992037,
 7.32392e-05,
 0.99955404,
 0.999016,
 0.00098588,
 0.9904368,
 0.02894262,
 0.998681,
 0.99903905,
 0.00561935,
 5.1480692e-06,
 0.00501895,
 0.40623322,
 1.2858376e-05,
 0.3928642,
 0.9441626,
 0.8850711,
 0.5024504,
 0.99127525,
 0.9961652,
 0.9993839,
 0.9997991,
 0.10019558,
 0.9919492,
 0.5195645,
 0.62143815,
 0.98665226,
 0.99980736,
 0.20807254,
 0.00308647,
 0.99995077,
 1.0262329e-05,
 0.9998489,
 0.54295003,
 7.717599e-05,
 0.24595006,
 0.27231678,
 0.05163768,
 0.1626504,
 0.99634916,
 7.2587277e-06,
 0.00027803,
 0.00077348,
 5.297289e-05,
 0.9998961,
 0.02181005,
 0.00541746,
 0.07271913,
 0.9999562,
 0.99973893,
 0.97194546,
 4.6205546e-06,
 0.00012167,
 0.00206318,
 0.4274398,
 0.9964501,
 0.99947464,
 0.9996011,
 0.9998178,
 0.9404751,
 0.9588051,
 0.35588545,
 8.6130885e-06,
 0.41025946,
 0.99900347,
 0.9968899,
 0.38210005,
 0.02353654,
 0.01227738,
 0.43808004,
 0.04873811,
 6.3483703e-06,
 0.00138656,
 0.99973226,
 0.0005607,
 1.9530056e-05,
 0.51541394,
 0.99920326,
 0.00290676,
 1.6365122e-05,
 0.88021904,
 0.17424543,
 0.99954945,
 0.2352232,
 0.00646611,
 0.02522953,
 0.9997795,
 0.99989253,
 0.9997704,
 0.00013239,
 0.42804402,
 0.4005523,
 0.99834293,
 0.9997929,
 0.9999994,
 0.00015056,
 0.00044338,
 0.00013042,
 0.99676085,
 0.00029872,
 0.9386455,
 0.17692663,
 0.17744917,
 0.99995255,
 0.43879065,
 0.00235987,
 0.00171014,
 0.99798703,
 5.7353714e-06,
 0.00019316,
 0.99985135,
 0.43929186,
 0.9844926,
 0.9982886,
 0.06678253,
 0.00405251,
 0.999665,
 0.01987277,
 0.02802405,
 0.9936415,
 0.4922344,
 0.91047025,
 1.5321065e-06,
 0.9993087,
 0.9971109,
 0.9998936,
 0.9961961,
 0.4730805,
 0.99991655,
 0.50876504,
 0.00023566,
 0.99879736,
 1.1221253e-05,
 0.99960506,
 0.9760203,
 0.0059054,
 0.00076443,
 1.875774e-05,
 2.2972723e-05,
 1.8490247e-05,
 0.99981964,
 0.00197235,
 0.39834976,
 1.3276881e-05,
 0.53513825,
 0.99992394,
 0.99898016,
 0.99964225,
 0.9991814,
 0.9999262,
 0.00548553,
 0.00080069,
 0.00014225,
 0.68828875,
 0.71943194,
 0.00393085,
 0.99997574,
 0.8809011,
 0.00040922,
 0.99808127,
 0.99661255,
 0.2829847,
 0.0070184,
 0.10783721,
 0.4932003,
 2.6308999e-05,
 7.162513e-06,
 0.99550027,
 0.9997581,
 0.00086762,
 0.00602538,
 0.9999313,
 0.03368006,
 0.23467387,
 1.6286835e-06,
 0.9998724,
 7.831659e-05,
 0.00025355,
 0.99984366,
 0.99296594,
 6.4166205e-05,
 0.34213844,
 5.008073e-06,
 0.9995703,
 1.2902647e-05,
 0.9922893,
 0.13656813,
 0.41271484,
 0.1620822,
 0.00035512,
 2.004289e-06,
 0.9999461,
 0.96024895,
 0.45517603,
 0.03173652,
 0.9992808,
 0.00197202,
 0.00119341,
 0.996517,
 5.5952555e-06,
 0.9908948,
 0.9999558,
 0.0056772,
 0.563121,
 0.8341892,
 0.9962008,
 0.9997933,
 0.96345526,
 0.98729753,
 0.04732677,
 0.00459211,
 0.2742234,
 0.99974185,
 0.00547527,
 0.00173749,
 0.00037593,
 0.6042234,
 5.5249984e-06,
 7.547919e-05,
 0.04677628,
 0.9996385,
 0.09269313,
 0.38058114,
 0.01824566,
 0.36865535,
 0.5503804,
 0.77164155,
 0.2752888,
 4.5629295e-05,
 0.99986684,
 0.99880534,
 0.9982106,
 0.00029382,
 0.999768,
 0.9997896,
 0.62095404,
 0.00587188,
 0.99907935,
 0.50713676,
 0.00114805,
 0.49741974,
 6.36693e-06,
 0.99901515,
 0.99957085,
 2.7454593e-05,
 0.00011689,
 0.95363325,
 0.00093292,
 0.7439067,
 0.00010538,
 0.00093746,
 0.9969076,
 0.15587269,
 0.99999964,
 0.99995834,
 0.00075806,
 0.05284866,
 0.05586376,
 0.9998394,
 0.9957659,
 0.99995947,
 0.9997762,
 2.5332478e-05,
 0.9938943,
 0.00315251,
 1.622008e-05,
 0.99991566,
 0.9975173,
 0.01014659,
 0.00192833,
 0.968409,
 0.00023666,
 0.0602499,
 0.21286014,
 2.8763586e-06,
 0.9994729,
 0.09278925,
 0.99970967,
 0.43936008,
 5.018845e-06,
 0.00254389,
 0.99971163,
 8.64707e-06,
 0.00078588,
 4.2503292e-05,
 0.99996257,
 0.32430145,
 0.23618834,
 0.33891973,
 0.99973,
 2.2746829e-06,
 0.50386876,
 0.99783355,
 0.99988985,
 1.2079521e-05,
 0.6988598,
 0.99891615,
 0.9984005,
 0.9963913,
 0.98043054,
 0.00413273,
 0.9996867,
 7.552894e-05,
 0.5941893,
 0.99932545,
 0.79443157,
 0.17685652,
 0.01399189,
 0.02217565,
 0.9996353,
 0.99509525,
 0.16150741,
 0.6284186,
 0.6843054,
 0.99994594,
 0.9996626,
 0.99499196,
 0.9999988,
 0.49743116,
 0.04947408,
 0.9997637,
 0.00392804,
 0.29572096,
 0.36720693,
 0.9998818,
 0.0030166,
 0.99996287,
 0.0226507,
 0.17903303,
 0.9998731,
 0.49470103,
 0.00126639,
 1.0208934e-05,
 0.58922166,
 0.95207524,
 0.16127251,
 0.45340893,
 0.99996513,
 0.00138411,
 0.995852,
 0.9974353,
 0.99772906,
 0.00581462,
 0.99947596,
 0.28722155,
 0.95546967,
 0.99968493,
 0.02522425,
 0.23828259,
 0.9045701,
 0.64988273,
 2.6506945e-05,
 0.46194723,
 0.07578693,
 0.99945915,
 0.9992482,
 0.6226019,
 0.99984324,
 0.22736853,
 0.94029874,
 0.9960341,
 0.99724257,
 0.9997409,
 0.51449966,
 0.9998657,
 0.00019224,
 0.9970933,
 0.9954498,
 7.0398586e-05,
 0.00258756,
 0.40029895,
 1.3643207e-05,
 0.9999944,
 0.99921674,
 1.4676432e-06,
 0.22068171,
 0.99957407,
 0.99978817,
 0.99951285,
 0.98032194,
 0.9994244,
 0.74335444,
 3.4705605e-05,
 0.9915479,
 0.55371857,
 0.00979913,
 0.9997864,
 0.9994376,
 0.9949873,
 0.9998741,
 0.00300019,
 0.02154404,
 0.9881115,
 0.00092865,
 0.34277162,
 8.6384905e-05,
 0.0903428,
 0.31052956,
 0.00145992,
 0.9969459,
 0.62448996,
 0.943992,
 0.36147672,
 0.18335702,
 0.9999856,
 0.02795315,
 0.99995667,
 0.9901414,
 0.9989372,
 9.458816e-06,
 0.3553297,
 0.1670439,
 0.99976707,
 0.9998201,
 0.9996261,
 0.99985945,
 0.0049737,
 0.00309912,
 0.00891432,
 0.00169063,
 0.01410262,
 0.00357809,
 0.00554874,
 0.99113816,
 0.99981827,
 2.5592004e-05,
 0.99990034,
 0.00099393,
 0.9981197,
 0.00023001,
 0.99987745,
 0.9982896,
 0.9989879,
 0.9872884,
 2.231589e-06,
 0.98659414,
 0.00074274,
 0.9897989,
 0.0023133,
 0.9999846,
 0.00081244,
 0.9999152,
 0.9946717,
 0.9999667,
 0.99082637,
 0.00139287,
 0.999887,
 0.33588937,
 0.00160852,
 0.00179522,
 0.00189121,
 0.1811046,
 0.00163694,
 0.1646588,
 0.99991274,
 0.9993064,
 0.5458668,
 0.3752089,
 0.00115084,
 0.01957556,
 0.03964698,
 0.00289959,
 0.43782577,
 0.99997044,
 0.35042095,
 0.99956626,
 0.00134636,
 0.04251084,
 0.00310688,
 0.99997824,
 0.73626584,
 0.99987537,
 0.99927026,
 0.9995981,
 0.00185336,
 2.5581367e-05,
 0.9966513,
 0.21339269,
 0.5663825,
 0.9974641,
 0.9995066,
 0.25465593,
 0.9893288,
 0.9999444,
 0.99994856,
 0.9968087,
 0.5398704,
 0.01868001,
 0.9999352,
 0.52886146,
 1.5966605e-05,
 0.00014638,
 0.00074971,
 0.07082666,
 0.08492023,
 0.9998794,
 0.9998868,
 0.00284796,
 0.9973116,
 0.99998164,
 0.9999651,
 0.9978093,
 0.49536392,
 0.99505496,
 0.00743737,
 0.21081533,
 0.9947063,
 0.00118141,
 0.00482698,
 0.98436123,
 0.9989707,
 1.6351034e-05,
 0.15476024,
 0.40750012,
 0.00057971,
 0.4599265,
 0.00221723,
 0.24794741,
 0.00044008,
 0.9999695,
 0.00453602,
 0.99974775,
 0.9999877,
 0.5267067,
 0.91610116,
 0.99976754,
 2.0345966e-05,
 8.5119005e-05,
 0.00597441,
 7.3105534e-06,
 0.00021011,
 7.476427e-05,
 0.22992973,
 0.16327825,
 0.9938993,
 0.05647293,
 0.26590252,
 0.00017896,
 0.99993443,
 0.00161601,
 0.00093109,
 0.00184127,
 0.9978367,
 0.01134416,
 0.361672,
 0.00094168,
 0.34187636,
 0.16287154,
 0.00080951,
 0.9998611,
 0.9973321,
 0.22292575,
 0.99954826,
 0.00228731,
 0.38410923,
 0.9998155,
 0.12268178,
 0.9697201,
 0.962942,
 0.9997583,
 0.19890851,
 0.23611845,
 0.99972105,
 0.479705,
 0.13985811,
 0.99678344,
 0.9999294,
 0.9996931,
 0.000696,
 0.39505407,
 0.5375101,
 0.2609459,
 0.9978017,
 6.330034e-06,
 0.46234173,
 0.03673359,
 0.9986404,
 0.9979664,
 0.9998455,
 0.9992403,
 0.46770957,
 0.01265127,
 0.9999908,
 0.24700373,
 0.9950429,
 0.00068865,
 0.00438538,
 0.22595309,
 0.5017683,
 0.99964476,
 7.649784e-06,
 0.03632437,
 0.18518507,
 0.00180898,
 0.9976073,
 0.99989414,
 2.7764802e-06,
 9.011362e-05,
 0.99994206,
 0.99917936,
 2.4265366e-05,
 9.925972e-05,
 0.00685376,
 0.5894601,
 0.03381679,
 0.99998474,
 0.97176266,
 0.9993491,
 0.16997148,
 0.999838,
 1.,
 0.26335016,
 0.01180215,
 0.00899464,
 1.2708113e-05,
 0.99835235,
 0.9985942,
 0.0170342,
 0.24720518,
 0.99753565,
 0.9998778,
 0.03277504,
 2.1245412e-06,
 0.008751,
 0.99986833,
 6.315002e-05,
 0.9992428,
 3.3910842e-06,
 0.9999637,
 0.0007341,
 4.991672e-05,
 0.7014128,
 0.9992368,
 0.09608054,
 0.00018253,
 0.03615233,
 0.40695122,
 0.9997371,
 0.01954978,
 0.00216818,
 0.99991953,
 0.99971724,
 0.00417224,
 0.0065465,
 0.02295843,
 0.011319,
 1.0634628e-05,
 0.99694014,
 0.9358207,
 0.64699143,
 0.99944824,
 0.0003387,
 0.06045139,
 0.99995166,
 0.33466038,
 0.9999471,
 0.9983139,
 0.29743502,
 0.5116064,
 0.97486824,
 0.99530244,
 0.00241385,
 0.00946254,
 0.40430906,
 0.1634549,
 0.26937968,
 0.99936616,
 0.99976826,
 0.99443734,
 0.99788344,
 0.03122525,
 0.16696392,
 0.29249027,
 0.9991753,
 0.00819995,
 0.00028937,
 0.99947804,
 0.00021384,
 0.9993075,
 0.00018369,
 0.57602704,
 0.9984659,
 0.9788062,
 0.37179288,
 0.00077181,
 6.6817505e-05,
 0.0032849,
 0.02628863,
 8.241682e-06,
 0.42798385,
 0.99996006,
 0.5959977,
 0.437082,
 9.749873e-05,
 0.991672,
 0.9993285,
 0.00078289,
 0.01426118,
 0.36134925,
 0.0014367,
 0.9997072,
 0.9439925,
 0.69821095,
 0.99985814,
 6.846601e-05,
 0.0026963,
 0.98844075,
 0.9979594,
 2.447055e-06,
 0.28986076,
 0.9651104,
 0.99875253,
 0.5189299,
 0.18651323,
 0.00067415,
 0.9999936,
 0.357951,
 0.99837136,
 0.00023419,
 0.00019601,
 0.00011326,
 0.3742801,
 0.28976023,
 0.00094812,
 0.04651137,
 0.36177808,
 0.9995561,
 0.44824582,
 0.7638246,
 0.670953,
 0.04946567,
 2.5261297e-06,
 0.9996284,
 0.99969244,
 3.4447687e-05,
 0.13702431,
 0.22588104,
 0.9999871,
 4.611015e-05,
 5.2852447e-05,
 0.0002224,
 0.99858975,
 0.00171526,
 0.03535238,
 0.57497656,
 0.99724454,
 0.00045902,
 0.9999082,
 0.45408934,
 0.999216,
 0.9891995,
 0.99969274,
 6.6754714e-05,
 0.6507937,
 0.9989144,
 0.04639921,
 0.9999694,
 0.00099089,
 0.97440714,
 0.6267226,
 0.9984767,
 0.99997187,
 0.9999602,
 0.8221836,
 9.789018e-05,
 0.99863756,
 0.9995963,
 0.99763435,
 0.9997529,
 0.99993443,
 0.9964965,
 0.9970575,
 0.12884079,
 0.00030895,
 8.44367e-05,
 0.00284239,
 0.00019383,
 0.6441659,
 0.9998468,
 0.93577385,
 0.24832058,
 0.4262334,
 0.01721105,
 0.50190485,
 0.05308051,
 0.9995562,
 0.7661722,
 0.01504273,
 0.00015041,
 0.18833052,
 0.47072428,
 0.9263178,
 0.58995473,
 0.84096175,
 0.17518406,
 0.99989295,
 0.39922422,
 0.00247447,
 0.00512914,
 4.331446e-05,
 0.00028618,
 0.04179457,
 0.7185657,
 0.99912035,
 0.01941816,
 0.9999712,
 0.9993489,
 0.5799374,
 3.5517446e-06,
 0.99998164,
 0.25783095,
 0.10544559,
 3.9695824e-05,
 0.00400749,
 0.03861064,
 0.004091,
 0.9405931,
 0.98219275,
 0.992284,
 0.9878111,
 0.5574704,
 0.4982009,
 0.99813485,
 0.9997232,
 0.9536746,
 4.566155e-05,
 0.00020515,
 0.00604141,
 0.08822405,
 7.055902e-05,
 0.7990745,
 0.02307048,
 0.991129,
 7.492378e-05,
 0.43039697,
 0.0075618,
 0.13902624,
 0.46331626,
 0.0016132,
 0.5093677,
 0.02396923,
 1.0478984e-05,
 0.9999175,
 0.99188995,
 0.5563252,
 2.4175156e-06,
 0.07149331,
 0.99983096,
 0.02484938,
 0.57841116,
 0.00174975,
 0.9997943,
 0.8786508,
 0.99986887,
 0.00031108,
 0.00884474,
 0.01789528,
 0.34523854,
 0.00016895,
 0.99996114,
 0.00019821,
 0.9997869,
 6.651014e-05,
 0.99719846,
 2.6452813e-06,
 0.83426446,
 0.2489037,
 0.001089,
 8.331184e-05,
 0.00033127,
 0.00125337,
 0.0034989,
 0.5351569,
 0.33880594,
 0.999945,
 1.9639563e-06,
 0.01585017,
 0.00144215,
 0.9975944,
 0.44953877,
 1.0622297e-06,
 0.9985612,
 1.5374254e-06,
 0.9522691,
 0.38329828,
 0.00685605,
 0.32005593,
 0.00849905,
 0.93225,
 0.9995281,
 0.05576028,
 0.48515174,
 0.99212646,
 0.06197751,
 0.00038657,
 0.33891764,
 0.2569069,
 0.00642962,
 0.4564499,
 0.00064166,
 0.9984832,
 0.9993942,
 0.6178718,
 0.9940041,
 0.00603663,
 0.99905086,
 0.0005678,
 0.00069538,
 0.8440526,
 0.9950169,
 2.114559e-05,
 0.99833393,
 0.9891705,
 0.99798787,
 0.38884333,
 0.99954563,
 0.00027903,
 0.99970657,
 0.00024209,
 0.99527746,
 0.00336186,
 0.41620177,
 0.9988629,
 0.00066928,
 0.16061315,
 0.20344868,
 0.99990606,
 2.7260121e-05,
 0.00047809,
 0.21748899,
 0.00029095,
 0.99915004,
 0.67985135,
 0.8438447,
 0.00545791,
 0.9779747,
 0.99957556,
 0.01935503,
 1.4739108e-05,
 0.9745504,
 0.99516004,
 0.49409094,
 2.4421129e-06,
 0.97916,
 0.71358913,
 9.6182e-05,
 0.2078522,
 0.00232423,
 7.990065e-06,
 0.62523574,
 0.99889016,
 0.18268749,
 0.23557562,
 0.99887615,
 0.00010977,
 0.00386173,
 0.9997268,
 0.00131337,
 0.9994061,
 0.01917847,
 0.06530751,
 0.98922205,
 0.8441769,
 0.44104534,
 0.00086236,
 0.28966123,
 0.9995348,
 0.9959992,
 0.9998863,
 0.99879223,
 0.15637924,
 0.9922522,
 0.9929101,
 0.99999917,
 0.9999398,
 0.00587267,
 0.9999876,
 0.9994935,
 8.3800755e-05,
 0.9847306,
 0.99993896,
 0.9998975,
 0.00010246,
 0.9990674,
 8.987885e-06,
 0.00010416,
 0.900552,
 0.59397584,
 0.28180656,
 0.9975326,
 0.99967027,
 0.00053514,
 0.99981254,
 0.42356992,
 0.9999656,
 0.99994355,
 0.9983837,
 0.9993923,
 0.05677237,
 0.9986535,
 0.9782071,
 0.2165685,
 0.99922085,
 0.00095523,
 0.7795989,
 0.8903638,
 0.00256019,
 0.1744102,
 0.99909294,
 0.65292126,
 0.30918095,
 0.15047455,
 0.99958146,
 0.9958718,
 0.9653135,
 0.14632747,
 0.08828117,
 0.8910081,
 2.131187e-06,
 0.9999107,
 0.9999875,
 0.1642087,
 0.1868721,
 1.0034543e-05,
 0.9986102,
 0.44681635,
 0.9876232,
 0.00020796,
 0.38494292,
 0.04895914,
 0.4842485,
 0.02272853,
 0.0018215,
 0.989781,
 0.9997991,
 0.99118143,
 0.63187623,
 0.96502095,
 0.9961461,
 0.9502833,
 3.3863227e-05,
 0.6659194,
 0.6300825,
 0.38762727,
 0.99921817,
 0.9983072,
 0.835506,
 0.9473615,
 0.42988065,
 0.21653962,
 0.99920523,
 0.06114659,
 0.02239801,
 0.99995434,
 0.4481937,
 0.99860585,
 0.9978876,
 0.16438656,
 0.00528809,
 0.00022093,
 0.99878967,
 0.999924,
 0.99815583,
 0.05740646,
 0.03571207,
 0.99916935,
 0.00990839,
 4.6696303e-05,
 0.08241605,
 0.09653785,
 0.99975806,
 0.37402764,
 0.00032684,
 0.99969035,
 0.00052058,
 0.3743885,
 0.990613,
 7.828771e-06,
 5.762081e-06,
 0.9994795,
 0.9702971,
 4.9140486e-05,
 0.99994737,
 0.91353226,
 0.18407458,
 0.21213493,
 0.47333443,
 0.04112692,
 0.6597931,
 0.9963861,
 0.9894333,
 0.0168725,
 0.02702896,
 0.4971902,
 0.99998397,
 0.001314,
 0.99981374,
 0.9992534,
 0.9056323,
 0.98839545,
 0.00218481,
 0.00083622,
 0.9302119,
 0.9990641,
 0.01606446,
 0.99993116,
 0.99673194,
 0.27104205,
 0.98385966,
 0.99931717,
 0.00139319,
 0.10416722,
 0.8289404,
 0.9999195,
 0.9958747,
 0.4760018,
 0.99907804,
 0.99980354,
 0.9997209,
 0.9994885,
 0.99898314,
 0.9958202,
 0.9999921,
 0.9998853,
 0.08107956,
 0.9978638,
 0.997692,
 0.3541165,
 0.00018122,
 0.14273563,
 0.01442001,
 0.0256274,
 0.00126383,
 0.9995964,
 0.12631403,
 0.9980313,
 0.13200948,
 0.9916979,
 0.00170091,
 0.99579304,
 0.9875417,
 0.14661779,
 0.02522385,
 0.99852604,
 0.6636047,
 4.0811054e-05,
 0.9829963,
 0.3867671,
 0.00037809,
 0.0457487,
 0.95502174,
 0.9050247,
 0.9995344,
 0.9999886,
 0.00632258,
 0.00013372,
 0.00221082,
 0.15955293,
 0.00831918,
 5.201726e-05,
 0.35786277,
 0.00022519,
 0.07722566,
 0.294292,
 0.0062307,
 9.334858e-05,
 0.9241158,
 4.2665244e-05,
 0.9998971,
 0.44473654,
 0.9997869,
 7.2552335e-05,
 0.42010468,
 0.99990153,
 0.9999218,
 0.99958706,
 0.3548692,
 0.8449155,
 0.99776644,
 0.8871167,
 0.8568011,
 0.9997341,
 0.9993645,
 0.08790365,
 0.00016528,
 0.99420327,
 0.00187034,
 0.33729687,
 0.99953955,
 0.00051712,
 0.00053015,
 0.3084105,
 0.04145057,
 0.97191787,
 0.00019663,
 0.31540576,
 0.99993545,
 0.29541072,
 0.01759495,
 0.93364066,
 0.9999434,
 0.9982343,
 0.9941715,
 0.99971575,
 0.99410653,
 0.06639025,
 0.33390638,
 0.00024474,
 0.99572164,
 0.99339414,
 0.99991965,
 0.9304479,
 0.00265122,
 0.99971664,
 3.8508438e-06,
 0.002296,
 0.3700234,
 0.96765035,
 0.9997865,
 0.24840176,
 0.99977493,
 0.8833025,
 0.9999563,
 0.96539354,
 0.37402716,
 0.9847398,
 0.99923044,
 6.3918684e-05,
 0.18228349,
