0.8257036,
0.746252,
0.00000013600884,
0.000012946328,
0.474019,
0.0000003936412,
0.8135829,
0.8405226,
0.82921505,
0.0001309,
0.72423446,
0.7369854,
0.8430569,
0.000026605028,
0.8421885,
0.8553491,
0.7234367,
0.8430969,
0.858822,
0.000000028163134,
0.02331313,
0.7461752,
0.8293442,
0.8547311,
0.84911454,
0.75015575,
0.63931966,
0.00000007973974,
0.7968117,
0.84023046,
0.80140543,
0.00000067627906,
0.00021034,
0.3614029,
0.7181387,
0.74984145,
0.8188635,
0.000000047584273,
0.7181463,
0.8194065,
0.8604359,
0.85571223,
0.74486834,
0.81598645,
0.635339,
0.0000032125351,
0.00000007793775,
0.06364562,
0.8221423,
0.000003269118,
0.0006075,
0.00000022842688,
0.00000013185107,
0.79422396,
0.7893375,
0.85971224,
0.000000047417565,
0.0000003749565,
0.00000013277624,
0.8381118,
0.70589453,
0.72329986,
0.8496162,
0.50307226,
0.8500848,
0.000000028243825,
0.000043067947,
0.8119054,
0.0000002357085,
0.7239509,
0.8301101,
0.7438974,
0.8459979,
0.0018188,
0.00000007895729,
0.7769306,
0.000009608593,
0.79140085,
0.7904115,
0.80230844,
0.0018309,
0.80685085,
0.0000032474413,
0.8396643,
0.80096734,
0.82894003,
0.75167984,
0.75049233,
0.0000011150463,
0.0000010854253,
0.78635615,
0.84211576,
0.10950951,
0.7993225,
0.37900907,
0.62980783,
0.00037147,
0.8404983,
0.74062115,
0.000000029006019,
0.0000018067227,
0.000000078685176,
0.00000064203334,
0.7861148,
0.8524723,
0.7632583,
0.8389285,
0.82979304,
0.00063667,
0.8255879,
0.00000023533453,
0.000000026880473,
0.00000022334231,
0.79003835,
0.8219028,
0.82203054,
0.000000028396204,
0.00012336,
0.74386847,
0.00000004947764,
0.8326404,
0.00022426,
0.02402407,
0.00867107,
0.000026320768,
0.00036263,
0.0000018780831,
0.8384259,
0.8162593,
0.8553134,
0.83818644,
0.00000023324941,
0.8364325,
0.000000028578063,
0.757465,
0.71485746,
0.00000004914929,
0.8437972,
0.78363705,
0.824898,
0.86020625,
0.00000066310827,
0.8472395,
0.7433974,
0.7458264,
0.84701586,
0.750912,
0.8445258,
0.8611205,
0.000003238111,
0.755929,
0.00000014218779,
0.7278953,
0.00001658815,
0.8370542,
0.8233971,
0.79451334,
0.8445284,
0.82197595,
0.8594395,
0.72866595,
0.00000014213845,
0.7778753,
0.83357996,
0.82761055,
0.0000006633233,
0.8437288,
0.0000003978713,
0.78186494,
0.8372167,
0.8627385,
0.8272073,
0.7218696,
0.26726523,
0.7723744,
0.8368544,
0.85173905,
0.00000008093446,
0.82089454,
0.809858,
0.00000013791937,
0.7755593,
0.7695754,
0.00000004835925,
0.84411013,
0.8470125,
0.8404192,
0.00000023302819,
0.7860039,
0.000000049103186,
0.000001071046,
0.0000010972275,
0.8299811,
0.84928703,
0.81207645,
0.7176026,
0.000000049476792,
0.82561976,
0.7127129,
0.83796424,
0.00012953,
0.79969674,
0.759018,
0.8430188,
0.8200691,
0.06851264,
0.83733165,
0.74645436,
0.7939383,
0.00007750204,
0.8367819,
0.2639534,
0.7126728,
0.00003071947,
0.72213435,
0.00000006340671,
0.8286506,
0.83427763,
0.7500605,
0.77710146,
0.00887753,
0.000000027474764,
0.000008898647,
0.000000027511208,
0.83951837,
0.00000023496652,
0.00000007732194,
0.01393025,
0.821611,
0.7267668,
0.83302754,
0.8503867,
0.63313055,
0.8316825,
0.00000008147563,
0.81687266,
0.000009499477,
0.843108,
0.8415898,
0.00063224,
0.000074752505,
0.8488534,
0.8330726,
0.00007701395,
0.85135776,
0.8284436,
0.0000011346857,
0.59951186,
0.72338045,
0.83875066,
0.260752,
0.0000054296083,
0.00000064385074,
0.77527446,
0.000016260068,
0.8315298,
0.8319256,
0.8452714,
0.85529345,
0.0000006658502,
0.000000045749218,
0.000015183741,
0.0000011042071,
0.73127013,
0.7120448,
0.8519458,
0.00000004719245,
0.82086074,
0.0001312,
0.00012629,
0.848107,
0.8333975,
0.82756686,
0.8120642,
0.8503105,
0.79538685,
0.0000032940413,
0.8488405,
0.84064156,
0.0000006671183,
0.8358025,
0.8355506,
0.1099444,
0.000000047073694,
0.8004427,
0.00000004890121,
0.842435,
0.00000944243,
0.78470784,
0.00186077,
0.85387766,
0.000001133989,
0.000000045821874,
0.822034,
0.0000019460003,
0.83709335,
0.000000048361187,
0.8260208,
0.000016060354,
0.00000004602561,
0.6982724,
0.00000002835242,
0.00007308905,
0.000015485306,
0.71359134,
0.00000066861827,
0.8388593,
0.26401606,
0.81940174,
0.00000039272402,
0.8467858,
0.84377384,
0.8359538,
0.82769597,
0.8275299,
0.00000039660185,
0.8372363,
0.0000055728515,
0.832396,
0.7423229,
0.00110038,
0.74908215,
0.64141864,
0.80159134,
0.82728773,
0.00520239,
0.000026129048,
0.00000038240657,
0.8363395,
0.8301364,
0.06806858,
0.0000018845924,
0.000000027163583,
0.7519395,
0.38447812,
0.000000027710751,
0.72514766,
0.8423174,
0.0000032063585,
0.80136883,
0.7633658,
0.02517257,
0.76516825,
0.84878993,
0.63150394,
0.7116081,
0.8469496,
0.000015562911,
0.8358357,
0.0000003981222,
0.83627796,
0.8488426,
0.73133606,
0.0002282,
0.00000007791055,
0.000000027052314,
0.00102508,
0.8346545,
0.0000055322425,
0.7972461,
0.85396487,
0.82017475,
0.8504541,
0.8619298,
0.8266995,
0.8501461,
0.8601671,
0.00000039259484,
0.8467095,
0.8249197,
0.00063526,
0.10721328,
0.83755744,
0.0000032598,
0.84855634,
0.000000048101214,
0.00000004547465,
0.0000031262673,
0.8350872,
0.7433752,
0.82534367,
0.74414146,
0.82859164,
0.74504423,
0.8597204,
0.00007669749,
0.82710725,
0.7396222,
0.70946914,
0.8475027,
0.79229313,
0.63724655,
0.8405244,
0.8399752,
0.000016370914,
0.000025793854,
0.00004417474,
0.00012694,
0.80556524,
0.0000006780123,
0.47461763,
0.8193868,
0.00000013809665,
0.73919266,
0.73074424,
0.85177,
0.00000013622264,
0.7794443,
0.83357996,
0.00181823,
0.8431612,
0.00000067180383,
0.84708714,
0.78939986,
0.7670984,
0.8467396,
0.82868606,
0.37684315,
0.3723851,
0.00000066185476,
0.8284213,
0.11132056,
0.00178684,
0.8484048,
0.8304287,
0.000000028297478,
0.7829914,
0.82602304,
0.8505539,
0.00000013713544,
0.0000000455467,
0.841747,
0.70955384,
0.84856087,
0.000000047117528,
0.83867395,
0.81397456,
0.85560256,
0.7433094,
0.00000040588813,
0.808965,
0.000000402569,
0.5976921,
0.00000013757638,
0.81387556,
0.000000028732408,
0.00000013006242,
0.00174138,
0.7474265,
0.000009623578,
0.000001081959,
0.02360481,
0.000015667854,
0.84159034,
0.00007745652,
0.000000046259895,
0.7880495,
0.8260115,
0.632908,
0.7281269,
0.000009669364,
0.000000026922548,
0.7762881,
0.78071564,
0.75106394,
0.803115,
0.80501467,
0.8583885,
0.80183166,
0.00000023570378,
0.00000004545956,
0.000000027130081,
0.000000045954735,
0.83270425,
0.8382832,
0.83204323,
0.000000047992984,
0.78668743,
0.75039226,
0.76619965,
0.17558444,
0.84563726,
0.8475805,
0.8551437,
0.0000032401622,
0.47767287,
0.73934036,
0.818946,
0.8578481,
0.7438407,
0.85293233,
0.844182,
0.82703555,
0.8542526,
0.0000032442993,
0.10504299,
0.00000013653269,
0.00000022241898,
0.00000007821265,
0.81335276,
0.000000028705239,
0.84102756,
0.75998324,
0.000016120921,
0.7209429,
0.7085774,
0.00000024198954,
0.7526843,
0.00065949,
0.83629364,
0.00002705699,
0.00036033,
0.0000006541546,
0.7759604,
0.00000040551515,
0.8449236,
0.7563237,
0.04212408,
0.00021553,
0.79896826,
0.84472495,
0.00000013669998,
0.80212426,
0.8528898,
0.8524736,
0.8579015,
0.00037241,
0.8030307,
0.000076918244,
0.78737307,
0.82581127,
0.8318708,
0.6340877,
0.8278519,
0.00004568442,
0.8432786,
0.000000028451122,
0.7828239,
0.06986294,
0.76805156,
0.8163005,
0.84800106,
0.861599,
0.8546938,
0.84026766,
0.74553066,
0.85439306,
0.8349894,
0.8415407,
0.72729456,
0.8478627,
0.86219156,
0.00000013696149,
0.82535917,
0.85288733,
0.83754015,
0.8616159,
0.00062944,
0.84609556,
0.74808866,
0.00110015,
0.36771923,
0.84294,
0.8341878,
0.8418523,
0.7452899,
0.8411856,
0.75545424,
0.7133169,
0.000005681368,
0.8225889,
0.82815677,
0.00877502,
0.0000006528913,
0.8477338,
0.8252571,
0.71396,
0.840959,
0.0000011231789,
0.8415337,
0.00063993,
0.85337,
0.00521077,
0.8470278,
0.8580713,
0.730965,
0.00000002919078,
0.00035186,
0.25358644,
0.8466436,
0.0000055059472,
0.84076864,
0.3777449,
0.82121074,
0.00000013849086,
0.7073198,
0.11041418,
0.17122528,
0.8571959,
0.00000066649255,
0.830077,
0.00000002859611,
0.7199581,
0.80338544,
0.00007679219,
0.8365519,
0.84219104,
0.84937406,
0.85456336,
0.27977327,
0.8567896,
0.85152173,
0.84921926,
0.0000054988996,
0.00000004596736,
0.79867154,
0.00109694,
0.01435052,
0.0002176,
0.84208417,
0.00022199,
0.7969842,
0.82117814,
0.766745,
0.8455292,
0.10957099,
0.8210211,
0.82456326,
0.83483064,
0.37602413,
0.820424,
0.000000028109897,
0.00060195,
0.71135753,
0.000000049934417,
0.8442077,
0.00037753,
0.8029772,
0.7099616,
0.83090955,
0.8628605,
0.81314194,
0.8233735,
0.84925795,
0.37505755,
0.63019425,
0.8331817,
0.7997876,
0.82993335,
0.00000023302508,
0.0000018263416,
0.80875427,
0.83213955,
0.00037359,
0.84126925,
0.8475834,
0.000001914099,
0.84044445,
0.71096736,
0.0000019883291,
0.0000010747642,
0.00000007838604,
0.000000045983672,
0.7784512,
0.00000008150423,
0.75953335,
0.8455398,
0.000044964774,
0.83680713,
0.8286269,
0.00001583219,
0.000000046040277,
0.81051815,
0.83460635,
0.000015771971,
0.7183167,
0.8454461,
0.000015787124,
0.79384255,
0.85430855,
0.00000023170169,
0.84371823,
0.00000004830007,
0.00000013047587,
0.000000046130022,
0.7716417,
0.8221377,
0.84566873,
0.8617479,
0.82476646,
0.8351339,
0.00002687713,
0.0000018484884,
0.7079063,
0.8350292,
0.83057314,
0.7107775,
0.000000049665324,
0.791952,
0.83103263,
0.7984113,
0.0000011466233,
0.8303806,
0.84534055,
0.84245265,
0.812101,
0.00108138,
0.76399827,
0.8504319,
0.8331416,
0.84605014,
0.86212456,
0.84570336,
0.0000019189608,
0.00000894089,
0.84036386,
0.00037633,
0.8327668,
0.00000067415345,
0.000000045691223,
0.7598424,
0.7846562,
0.00022212,
0.8364733,
0.000009418346,
0.8231713,
0.00000013924229,
0.000073134506,
0.0000003858236,
0.000043687938,
0.000026163158,
0.82358843,
0.85564816,
0.50315756,
0.000015657535,
0.000000046186898,
0.00000022305773,
0.0638656,
0.8228252,
0.83808,
0.82365996,
0.8337044,
0.7120158,
0.75026035,
0.00022432,
0.84449714,
0.7693744,
0.8487401,
0.8505435,
0.63313144,
0.00037041,
0.8427338,
0.00063447,
0.8045756,
0.0000032495077,
0.02382164,
0.7306751,
0.00000013683355,
0.0000052535215,
0.70873183,
0.8211226,
0.8537094,
0.7826549,
0.83874327,
0.86016876,
0.86099404,
0.72637874,
0.8482903,
0.7180649,
0.82323694,
0.8559307,
0.80517334,
0.00000039849027,
0.00007320352,
0.78099406,
0.8054791,
0.789861,
0.000000028613133,
0.34608245,
0.7869406,
0.85634226,
0.26053798,
0.10883229,
0.0000054365664,
0.81304187,
0.85095155,
0.000076429606,
0.83665276,
0.00000004825366,
0.8068911,
0.82531506,
0.8530912,
0.00000013696123,
0.8207284,
0.63631934,
0.37305373,
0.8334953,
0.7829124,
0.0000000484979,
0.8441488,
0.83795506,
0.8313886,
0.0000032607857,
0.03960824,
0.17099053,
0.8055173,
0.8570404,
0.00000023111245,
0.000000045647933,
0.8332836,
0.00000023518936,
0.8258701,
0.83048856,
0.000001917128,
0.84803,
0.8000144,
0.77137905,
0.7231303,
0.841413,
0.86242884,
0.00000008070324,
0.84589857,
0.00013149,
0.752361,
0.8127546,
0.85343176,
0.0000452658,
0.06581763,
0.01465469,
0.8303493,
0.7149493,
0.000000029246511,
0.84425366,
0.8217134,
0.00000023096791,
0.84340966,
0.37758413,
0.00000066017475,
0.00000037794166,
0.77117735,
0.00000008349197,
0.8447544,
0.8521371,
0.8318629,
0.000000028351502,
0.00291407,
0.000044853634,
0.8401967,
0.846371,
0.84479624,
0.000009328981,
0.00000037925847,
0.8263404,
0.00000039901164,
0.00021067,
0.7168007,
0.000027946535,
0.0049697,
0.8392976,
0.80055183,
0.63555825,
0.85201675,
0.0051992,
0.8552962,
0.83091646,
0.7912247,
0.75263923,
0.01509076,
0.6268607,
0.10960538,
0.8467558,
0.8424878,
0.00000004781062,
0.83529294,
0.8431775,
0.000000028127435,
0.8441911,
0.7883595,
0.8512115,
0.8613946,
0.77470493,
0.77832794,
0.85624325,
0.84133327,
0.00000008124286,
0.000025458608,
0.83413094,
0.85092086,
0.00012974,
0.00021391,
0.000026171267,
0.8104971,
0.77226084,
0.7382695,
0.85112125,
0.00000008016628,
0.8440157,
0.81414545,
0.00002691098,
0.81409043,
0.85558176,
0.86029315,
0.00037276,
0.25482535,
0.7792716,
0.8305188,
0.8608397,
0.74474233,
0.000000047478473,
0.7765259,
0.8232127,
0.0000015618688,
0.71289563,
0.000000047939828,
0.8455568,
0.74070317,
0.8238611,
0.83914983,
0.000000028288627,
0.8187353,
0.000009397639,
0.8403038,
0.06857508,
0.0000031942784,
0.000000027198265,
0.79145235,
0.7883704,
0.8581326,
0.8614234,
0.632395,
0.8049573,
0.854172,
0.83945113,
0.8322235,
0.02484793,
0.17028126,
0.7435733,
0.8373641,
0.00004515039,
0.00000004615722,
0.7777522,
0.00000023399913,
0.000005258519,
0.000044120097,
0.000000027528268,
0.8404614,
0.0000055605087,
0.000000045982006,
0.8347105,
0.8189087,
0.000026876925,
0.7951118,
0.8068691,
0.8366382,
0.000000028225623,
0.00000522029,
0.01420153,
0.829225,
0.8225007,
0.85162973,
0.8621715,
0.8166996,
0.00884709,
0.855511,
0.816389,
0.8417126,
0.72018945,
0.00007969641,
0.000043478292,
0.4803888,
0.83190316,
0.84848464,
0.81280136,
0.83807695,
0.00022065,
0.8035611,
0.85347027,
0.000000028029376,
0.8433883,
0.71311074,
0.84023076,
0.8215909,
0.85901874,
0.00000013691917,
0.718422,
0.0000057852894,
0.8461423,
0.00000013875791,
0.000043204767,
0.71404237,
0.00877803,
0.8462739,
0.8498509,
0.8501154,
0.8317162,
0.84201324,
0.8383614,
0.82709324,
0.8323476,
0.00063647,
0.74134207,
0.0000011742379,
0.00493846,
0.8127998,
0.85032356,
0.8472335,
0.77057827,
0.000016100505,
0.79664695,
0.00000040269492,
0.79502904,
0.8172008,
0.84556335,
0.8142327,
0.84327495,
0.7284893,
0.84553856,
0.0086952,
0.7793828,
0.00001614677,
0.00035873,
0.7848667,
0.00185429,
0.8465331,
0.00000023399467,
0.00173227,
0.0000003886472,
0.76851386,
0.8422979,
0.000026596706,
0.7194423,
0.000000028244472,
0.8015093,
0.83943856,
0.00000013669998,
0.5926383,
0.78132004,
0.7578703,
0.7819885,
0.000045959358,
0.84664845,
0.7320831,
0.000016285285,
0.83070654,
0.00000008215162,
0.84566844,
0.00000013858335,
0.00000013084895,
0.00021276,
0.7954534,
0.8282465,
0.8435201,
0.8536993,
0.84632313,
0.791163,
0.000000028604129,
0.81668377,
0.8465522,
0.8446376,
0.00063365,
0.7660938,
0.38215032,
0.000026319814,
0.48256713,
0.8115784,
0.00000039748335,
0.000025531064,
0.000044274148,
0.84688747,
0.000000048024667,
0.00000013055902,
0.00000002722484,
0.817445,
0.82916754,
0.7681662,
0.84872633,
0.80505294,
0.85845494,
0.83975524,
0.000026868467,
0.7951669,
0.000000081193754,
0.000000045561556,
0.7384121,
0.000000049840597,
0.00012286,
0.7078965,
0.000000029535773,
0.73822534,
0.00000014386742,
0.00000037222028,
0.000000027276505,
0.00000004589631,
0.000000027164619,
0.0000031223044,
0.7928908,
0.8234322,
0.82637244,
0.6343811,
0.83298796,
0.00000023391792,
0.00012411,
0.000015485217,
0.82898533,
0.000000028505386,
0.72364724,
0.00004766883,
0.000000045762306,
0.8312631,
0.50639397,
0.8359209,
0.8442032,
0.84694093,
0.7111011,
0.8444742,
0.00000022993716,
0.70754707,
0.00063568,
0.84989244,
0.8345365,
0.82723033,
0.76385665,
0.71427053,
0.84221506,
0.37408587,
0.000000047207845,
0.0000018269461,
0.00000064837593,
0.00036126,
0.000003189326,
0.0000010940823,
0.8096267,
0.000005597604,
0.84294796,
0.8544789,
0.0000092758755,
0.000000027189293,
0.8186845,
0.00004612282,
0.74184513,
0.0000033766107,
0.8490488,
0.00000013844993,
0.24387002,
0.00000008093724,
0.8369316,
0.63393295,
0.0000002304557,
0.06420562,
0.8372642,
0.00000013761718,
0.0000030955523,
0.00036321,
0.844445,
0.8385533,
0.000026800395,
0.84636855,
0.00013119,
0.8392536,
0.8469782,
0.8210802,
0.00000002840525,
0.7206872,
0.78670645,
0.8324648,
0.86003757,
0.7287697,
0.835384,
0.00000013656785,
0.8454911,
0.82096887,
0.8607156,
0.83962804,
0.82776767,
0.04100001,
0.85269624,
0.00007679519,
0.0000010957949,
0.83730847,
0.7067865,
0.8310674,
0.000000079709785,
0.7781046,
0.7651521,
0.26586345,
0.8536161,
0.00000013748469,
0.7673804,
0.7238108,
0.0000019675947,
0.8205199,
0.84162205,
0.00002668143,
0.000000027232266,
0.8230107,
0.000009469458,
0.8494542,
0.8238162,
0.85337687,
0.8265877,
0.000005471097,
0.00371984,
0.000000027824354,
0.00102392,
0.79471016,
0.0000033024648,
0.83450043,
0.00000023548628,
0.8219356,
0.26512715,
0.8546638,
0.8474137,
0.0000006671183,
0.7264413,
0.0000097682305,
0.83656955,
0.00000004843781,
0.8196433,
0.8423761,
0.74237394,
0.04244544,
0.85697657,
0.06808949,
0.8198093,
0.83389753,
0.000026791731,
0.000025092953,
0.8376507,
0.823015,
0.84650135,
0.00004530895,
0.77690953,
0.8266839,
0.84536326,
0.00013057,
0.00000314502,
0.06478255,
0.62453294,
0.8586108,
0.000000028127596,
0.00020968,
0.8030922,
0.8557579,
0.83962804,
0.7373881,
0.83667314,
0.8096497,
0.0000001388421,
0.795174,
0.63798106,
0.84826404,
0.8153193,
0.8286115,
0.000009246464,
0.71609885,
0.8451402,
0.8396389,
0.82723033,
0.8558912,
0.8618302,
0.000000028082889,
0.06363074,
0.81122404,
0.8087058,
0.8396574,
0.8397878,
0.000009340831,
0.000008969295,
0.000000027415087,
0.7762881,
0.000009385744,
0.0000018479085,
0.70753556,
0.8350292,
0.0000006688198,
0.59752786,
0.00000004790345,
0.84230953,
0.82881325,
0.0001304,
0.00021363,
0.8298409,
0.8247416,
0.82857454,
0.00013073,
0.000000078358084,
0.0000031153297,
0.8381446,
0.0000006726629,
0.000000045749218,
0.82974535,
0.00022341,
0.7924501,
0.8405195,
0.84493047,
0.000000081088515,
0.83578044,
0.0000000484537,
0.000008859088,
0.78015167,
0.8530376,
0.000000661567,
0.8472395,
0.8099948,
0.8275872,
0.74293834,
0.00013388,
0.8310577,
0.82980305,
0.7575795,
0.000000082908464,
0.000008819694,
0.000026088763,
0.00001539208,
0.0000011000009,
0.00000013264892,
0.00000002717291,
0.0000052871164,
0.8329785,
0.00000008168398,
0.82176065,
0.00007740838,
0.7620737,
0.0000000835439,
0.0000010703618,
0.8248632,
0.01586043,
0.0000006540211,
0.8448694,
0.14888403,
0.82508373,
0.8389278,
0.00000023250962,
0.5946294,
0.000026843905,
0.0000018537775,
0.8321209,
0.00524878,
0.73646164,
0.8437759,
0.000000027984877,
0.83977294,
0.8381301,
0.84168047,
0.17334932,
0.7125332,
0.8463644,
0.00000007978584,
0.7597535,
0.81263614,
0.85856843,
0.8600118,
0.80534935,
0.00022305,
0.82624876,
0.82776785,
0.7823001,
0.000000048667474,
0.8150771,
0.7406187,
0.8230634,
0.85673773,
0.8303916,
0.000026894024,
0.1668608,
0.000000047555236,
0.00000022178438,
0.74203604,
0.8289127,
0.85853064,
0.0000019056149,
0.79242426,
0.000000028869469,
0.81688946,
0.00000067288425,
0.00000004577837,
0.8258484,
0.8431775,
0.84632313,
0.8366052,
0.00000039496786,
0.000000026931742,
0.79480785,
0.7828557,
0.8462046,
0.85381734,
0.00306719,
0.84747654,
0.26278234,
0.0000002296527,
0.78884995,
0.000009565988,
0.75501513,
0.000009666506,
0.7194671,
0.83877534,
0.00000002793203,
0.83977294,
0.8237518,
0.000026834357,
0.7951669,
0.82725996,
0.000015862415,
0.00174879,
0.80488956,
0.7661532,
0.85463524,
0.7307038,
0.0000019845572,
0.7404916,
0.000016499012,
0.7723141,
0.84461904,
0.7424647,
0.51227045,
0.78116167,
0.73405993,
0.00110037,
0.00061168,
0.84977186,
0.0000055200053,
0.8404553,
0.8319481,
0.0000006683913,
0.59774274,
0.17344347,
0.000000047238558,
0.5873487,
0.7977939,
0.02504093,
0.72627246,
0.000000049760523,
0.00000021904921,
0.83266324,
0.0000000818404,
0.8351375,
0.8246049,
0.85559267,
0.000009293559,
0.78454137,
0.80400926,
0.0000019262548,
0.847706,
0.82132375,
0.8279092,
0.0000002334704,
0.8175833,
0.8159446,
0.000009355593,
0.000000045952632,
0.8396813,
0.75218356,
0.7206345,
0.8037113,
0.0000002339862,
0.8441508,
0.04173068,
0.7244858,
0.8326955,
0.000026630287,
0.00021269,
0.00000065332415,
0.8468458,
0.000001930617,
0.8481816,
0.000005539349,
0.7907844,
0.8537254,
0.83962804,
0.85399115,
0.83723265,
0.000000028297423,
0.77915734,
0.79479945,
0.000000028369083,
0.00000002671054,
0.8289243,
0.7720381,
0.84392387,
0.8603372,
0.000000080550066,
0.8388375,
0.00000023541308,
0.8357915,
0.8349069,
0.000009320106,
0.8502244,
0.0000001381869,
0.8441749,
0.8434758,
0.7150747,
0.0000019921138,
0.7700815,
0.8239214,
0.855241,
0.772754,
0.00109199,
0.0000000273425,
0.000000077397196,
0.000000046086228,
0.7943989,
0.63721496,
0.00000013562104,
0.000000045648108,
0.8173786,
0.26506624,
0.8411642,
0.82454,
0.8238471,
0.8055586,
0.8535344,
0.8574459,
0.74957854,
0.8504945,
0.78665113,
0.000046194127,
0.00295578,
0.00000038790404,
0.82489693,
0.000016019574,
0.84233844,
0.00037717,
0.76618797,
0.764468,
0.84103525,
0.8555699,
0.8622921,
0.6320252,
0.00021891,
0.000001863212,
0.8381088,
0.00000013849403,
0.8230579,
0.85182184,
0.8444788,
0.8538403,
0.00106945,
0.000005361175,
0.00000004626078,
0.8264575,
0.7767599,
0.82355434,
0.04136255,
0.8456509,
0.000000028333716,
0.0000052236014,
0.8203757,
0.7112474,
0.831927,
0.7343214,
0.0000006918994,
0.8474694,
0.263769,
0.7786508,
0.730925,
0.8441771,
0.8581418,
0.37498358,
0.0146085,
0.7264321,
0.0000006943246,
0.78274024,
0.00013082,
0.84972787,
0.000000048054996,
0.000000077028425,
0.000000046071463,
0.69638634,
0.0000019263503,
0.8391861,
0.00000002850555,
0.8189395,
0.8279649,
0.85399115,
0.8591748,
0.8361086,
0.82789665,
0.7747064,
0.00022496,
0.0000000272385,
0.8196098,
0.83862174,
0.8557222,
0.00004525156,
0.0000006454812,
0.83210975,
0.73018605,
0.7509061,
0.00000038800727,
0.2454339,
0.74610096,
0.84606916,
0.8165235,
0.8291007,
0.00037465,
0.00000038215612,
0.00000022376466,
0.7181842,
0.82993937,
0.7654128,
0.83231,
0.50148904,
0.02456537,
0.72266066,
0.84733164,
0.8497495,
0.8452714,
0.8466375,
0.36745134,
0.00105993,
0.6171804,
0.17280787,
0.8424345,
0.8601989,
0.000000136528,
0.7560649,
0.8330385,
0.00180613,
0.8072712,
0.00000013722533,
0.81424034,
0.00000023683423,
0.00000007715017,
0.7260101,
0.000000084745984,
0.00020821,
0.8300377,
0.74556327,
0.74345976,
0.00000008052518,
0.8227664,
0.8135958,
0.17403251,
0.74117035,
0.85514665,
0.504111,
0.8485884,
0.85251695,
0.10975804,
0.8568466,
0.000045352957,
0.00021336,
0.844443,
0.2623538,
0.000000047253156,
0.00000022171375,
0.72896576,
0.79847044,
0.8506979,
0.83529717,
0.855742,
0.84693056,
0.854423,
0.85470366,
0.00000008083156,
0.00000022143102,
0.8419188,
0.8245817,
0.00000023332349,
0.7809511,
0.8431457,
0.83995354,
0.80683666,
0.82943183,
0.83105713,
0.00004552494,
0.7777446,
0.0000011612906,
0.83609796,
0.85390645,
0.0000032288845,
0.000043603857,
0.785311,
0.000000028850918,
0.8435054,
0.000000028469634,
0.7679903,
0.0701756,
0.00000022749185,
0.8409228,
0.839232,
0.84136856,
0.000000028252554,
0.000008847866,
0.81624514,
0.8465596,
0.63231987,
0.0000019007941,
0.000005288589,
0.00000022590541,
0.7871215,
0.17683566,
0.0000018833814,
0.7612079,
0.00000008372991,
0.81789786,
0.000000028415492,
0.8385102,
0.7975906,
0.84296566,
0.0000032442715,
0.7565959,
0.8339833,
0.8437104,
0.00000039481571,
0.000000045633307,
0.7782768,
0.71378666,
0.84412944,
0.000000027958468,
0.000000045373802,
0.83647805,
0.80303276,
0.7373469,
0.850119,
0.8224513,
0.000001141908,
0.000025579757,
0.800298,
0.8244383,
0.0000006686004,
0.8071925,
0.26574484,
0.85872895,
0.7445781,
0.000000028020716,
0.8378759,
0.7401427,
0.000000080371585,
0.71381295,
0.00000005033297,
0.8448457,
0.000000048346063,
0.78256536,
0.000016265296,
0.71740884,
0.84013385,
0.84307444,
0.84201324,
0.0000011314485,
0.8170776,
0.00007817236,
0.8148093,
0.7278408,
0.000000049241432,
0.0000006294958,
0.77056074,
0.000046740766,
0.84216386,
0.82372516,
0.8035803,
0.0000011429855,
0.8437046,
0.00000004831518,
0.00000037448052,
0.00000007836152,
0.000000077965254,
0.0000053022445,
0.7965418,
0.00000023720901,
0.7865835,
0.000027498665,
0.84998226,
0.7416665,
0.74726146,
0.00000002877376,
0.774612,
0.0000011699434,
0.6025848,
0.000015827734,
0.0000053155036,
0.000000027371616,
0.8251795,
0.0000011401407,
0.82040787,
0.8063783,
0.00000008150019,
0.34759548,
0.82776976,
0.00000039559853,
0.78203297,
0.8177421,
0.85514086,
0.84738994,
0.85042334,
0.8624211,
0.84539795,
0.7298389,
0.8233234,
0.8507619,
0.74504787,
0.000000080345835,
0.10332536,
0.7983203,
0.82978857,
0.80645484,
0.8568141,
0.74445856,
0.8310003,
0.86132216,
0.8238122,
0.84202397,
0.71223116,
0.8469576,
0.86039084,
0.84494424,
0.80089575,
0.71414316,
0.8474818,
0.8566951,
0.000026647813,
0.7189013,
0.000020283605,
0.79479223,
0.7435942,
0.3820721,
0.8192957,
0.84724694,
0.7841118,
0.000000048543985,
0.00035388,
0.8431203,
0.8385533,
0.84952873,
0.7605655,
0.8482372,
0.74407977,
0.00062825,
0.00000007890776,
0.000003112375,
0.46942976,
0.0000003939807,
0.00000022269914,
0.000000027224736,
0.7679376,
0.00065449,
0.84773403,
0.26321352,
0.7318209,
0.7787134,
0.00000067390795,
0.000000045517083,
0.5821398,
0.0000011354543,
0.7862774,
0.00022157,
0.00061506,
0.00177898,
0.00000002769453,
0.8202247,
0.000009481475,
0.00000022361618,
0.7196467,
0.78210694,
0.8445758,
0.00013024,
0.78851366,
0.8528819,
0.7666837,
0.0000004029377,
0.00060155,
0.000000027747667,
0.00060521,
0.7475355,
0.8287036,
0.000000047673755,
0.8196433,
0.78443956,
0.0000011469907,
0.8202024,
0.8365343,
0.00063204,
0.0000010999704,
0.000000078112464,
0.000000027138569,
0.8292193,
0.8427077,
0.000000028136396,
0.00000007693093,
0.000000027199045,
0.02316482,
0.8211022,
0.02494846,
0.8445743,
0.8275906,
0.8282421,
0.76876915,
0.7777327,
0.8560296,
